pmap -X 2920
2920:   ./memory-user 100 30
         Address Perm   Offset Device  Inode   Size    Rss    Pss Referenced Anonymous LazyFree ShmemPmdMapped FilePmdMapped Shared_Hugetlb Private_Hugetlb Swap SwapPss Locked THPeligible Mapping
    56452cb98000 r--p 00000000  08:05 176266      4      4      4          4         0        0              0             0              0               0    0       0      0           0 memory-user
    56452cb99000 r-xp 00001000  08:05 176266      4      4      4          4         0        0              0             0              0               0    0       0      0           0 memory-user
    56452cb9a000 r--p 00002000  08:05 176266      4      4      4          4         0        0              0             0              0               0    0       0      0           0 memory-user
    56452cb9b000 r--p 00002000  08:05 176266      4      4      4          4         4        0              0             0              0               0    0       0      0           0 memory-user
    56452cb9c000 rw-p 00003000  08:05 176266      4      4      4          4         4        0              0             0              0               0    0       0      0           0 memory-user
    56452d018000 rw-p 00000000  00:00      0    132      4      4          4         4        0              0             0              0               0    0       0      0           0 [heap]
    7f915da86000 rw-p 00000000  00:00      0 102404 102404 102404     102404    102404        0              0             0              0               0    0       0      0           0 
    7f9163e87000 r--p 00000000  08:05 395437    136    136      1        136         0        0              0             0              0               0    0       0      0           0 libc-2.31.so
    7f9163ea9000 r-xp 00022000  08:05 395437   1504    976     10        976         0        0              0             0              0               0    0       0      0           0 libc-2.31.so
    7f9164021000 r--p 0019a000  08:05 395437    312    120      1        120         0        0              0             0              0               0    0       0      0           0 libc-2.31.so
    7f916406f000 r--p 001e7000  08:05 395437     16     16     16         16        16        0              0             0              0               0    0       0      0           0 libc-2.31.so
    7f9164073000 rw-p 001eb000  08:05 395437      8      8      8          8         8        0              0             0              0               0    0       0      0           0 libc-2.31.so
    7f9164075000 rw-p 00000000  00:00      0     24     20     20         20        20        0              0             0              0               0    0       0      0           0 
    7f916408c000 r--p 00000000  08:05 395430      4      4      0          4         0        0              0             0              0               0    0       0      0           0 ld-2.31.so
    7f916408d000 r-xp 00001000  08:05 395430    140    140      1        140         0        0              0             0              0               0    0       0      0           0 ld-2.31.so
    7f91640b0000 r--p 00024000  08:05 395430     32     32      0         32         0        0              0             0              0               0    0       0      0           0 ld-2.31.so
    7f91640b9000 r--p 0002c000  08:05 395430      4      4      4          4         4        0              0             0              0               0    0       0      0           0 ld-2.31.so
    7f91640ba000 rw-p 0002d000  08:05 395430      4      4      4          4         4        0              0             0              0               0    0       0      0           0 ld-2.31.so
    7f91640bb000 rw-p 00000000  00:00      0      4      4      4          4         4        0              0             0              0               0    0       0      0           0 
    7ffeae898000 rw-p 00000000  00:00      0    132     12     12         12        12        0              0             0              0               0    0       0      0           0 [stack]
    7ffeae932000 r--p 00000000  00:00      0     16      0      0          0         0        0              0             0              0               0    0       0      0           0 [vvar]
    7ffeae936000 r-xp 00000000  00:00      0      8      4      0          4         0        0              0             0              0               0    0       0      0           0 [vdso]
ffffffffff600000 --xp 00000000  00:00      0      4      0      0          0         0        0              0             0              0               0    0       0      0           0 [vsyscall]
                                             ====== ====== ====== ========== ========= ======== ============== ============= ============== =============== ==== ======= ====== =========== 
                                             104904 103908 102509     103908    102484        0              0             0              0               0    0       0      0           0 KB 


3252:   ./memory-user 300 30
         Address Perm   Offset Device  Inode   Size    Rss    Pss Referenced Anonymous LazyFree ShmemPmdMapped FilePmdMapped Shared_Hugetlb Private_Hugetlb Swap SwapPss Locked THPeligible Mapping
    563ced8fd000 r--p 00000000  08:05 176266      4      4      4          4         0        0              0             0              0               0    0       0      0           0 memory-user
    563ced8fe000 r-xp 00001000  08:05 176266      4      4      4          4         0        0              0             0              0               0    0       0      0           0 memory-user
    563ced8ff000 r--p 00002000  08:05 176266      4      4      4          4         0        0              0             0              0               0    0       0      0           0 memory-user
    563ced900000 r--p 00002000  08:05 176266      4      4      4          4         4        0              0             0              0               0    0       0      0           0 memory-user
    563ced901000 rw-p 00003000  08:05 176266      4      4      4          4         4        0              0             0              0               0    0       0      0           0 memory-user
    563cee60f000 rw-p 00000000  00:00      0    132      4      4          4         4        0              0             0              0               0    0       0      0           0 [heap]
    7f63cb472000 rw-p 00000000  00:00      0 307204 307204 307204     307204    307204        0              0             0              0               0    0       0      0           0 
    7f63de073000 r--p 00000000  08:05 395437    136    136      1        136         0        0              0             0              0               0    0       0      0           0 libc-2.31.so
    7f63de095000 r-xp 00022000  08:05 395437   1504   1056     11       1056         0        0              0             0              0               0    0       0      0           0 libc-2.31.so
    7f63de20d000 r--p 0019a000  08:05 395437    312    124      1        124         0        0              0             0              0               0    0       0      0           0 libc-2.31.so
    7f63de25b000 r--p 001e7000  08:05 395437     16     16     16         16        16        0              0             0              0               0    0       0      0           0 libc-2.31.so
    7f63de25f000 rw-p 001eb000  08:05 395437      8      8      8          8         8        0              0             0              0               0    0       0      0           0 libc-2.31.so
    7f63de261000 rw-p 00000000  00:00      0     24     20     20         20        20        0              0             0              0               0    0       0      0           0 
    7f63de278000 r--p 00000000  08:05 395430      4      4      0          4         0        0              0             0              0               0    0       0      0           0 ld-2.31.so
    7f63de279000 r-xp 00001000  08:05 395430    140    140      1        140         0        0              0             0              0               0    0       0      0           0 ld-2.31.so
    7f63de29c000 r--p 00024000  08:05 395430     32     32      0         32         0        0              0             0              0               0    0       0      0           0 ld-2.31.so
    7f63de2a5000 r--p 0002c000  08:05 395430      4      4      4          4         4        0              0             0              0               0    0       0      0           0 ld-2.31.so
    7f63de2a6000 rw-p 0002d000  08:05 395430      4      4      4          4         4        0              0             0              0               0    0       0      0           0 ld-2.31.so
    7f63de2a7000 rw-p 00000000  00:00      0      4      4      4          4         4        0              0             0              0               0    0       0      0           0 
    7ffc7f853000 rw-p 00000000  00:00      0    132     16     16         16        16        0              0             0              0               0    0       0      0           0 [stack]
    7ffc7f9b7000 r--p 00000000  00:00      0     16      0      0          0         0        0              0             0              0               0    0       0      0           0 [vvar]
    7ffc7f9bb000 r-xp 00000000  00:00      0      8      4      0          4         0        0              0             0              0               0    0       0      0           0 [vdso]
ffffffffff600000 --xp 00000000  00:00      0      4      0      0          0         0        0              0             0              0               0    0       0      0           0 [vsyscall]
                                             ====== ====== ====== ========== ========= ======== ============== ============= ============== =============== ==== ======= ====== =========== 
                                             309704 308796 307314     308796    307288        0              0             0              0               0    0       0      0           0 KB 

